
*******************************************************************************************************
                                   Matrix multiplication
*******************************************************************************************************
Number of matrix to be multiplied.......:  5
Number of multiplications...............:  4


Dimensions of matrix  1...:  4  8
Matrix  1:
         1.00         2.00         5.00         6.00         7.00         3.00         8.00         1.00
         5.00         6.00         7.00         4.00         5.00         8.00         2.00         4.00
         5.00         5.00         6.00         6.00         7.00         7.00         8.00         8.00
         8.00         9.00         6.00         4.00         2.00         1.00         7.00         3.00

Dimensions of matrix  2...:  8  7
Matrix  2:
         0.10         2.10         1.10         2.30         1.30         0.10         0.70
         1.10         0.30         1.40         1.80         2.10         0.80         0.40
         2.70         0.90         1.40         2.40         3.10         4.20         0.40
         1.20         0.80         1.70         2.60         2.80         1.20         1.90
         3.10         4.10         0.30         0.70         1.10         2.80         1.70
         1.30         2.10         4.10         0.90         0.40         0.30         0.70
         4.50         2.10         0.40         0.70         0.20         0.10         2.20
         2.30         4.70         3.80         2.60         1.80         0.60         0.30

Dimensions of matrix  3...:  7  2
Matrix  3:
         1.00         5.00
         5.00         9.00
         6.00         8.00
         1.00         3.00
         3.00         9.00
         1.00         2.00
         2.00         7.00

Dimensions of matrix  4...:  2  5
Matrix  4:
         4.00         8.00         8.00         5.00         1.00
         2.00         9.00         7.00         4.00         1.00

Dimensions of matrix  5...:  5  4
Matrix  5:
         4.00         7.00         8.00         6.00
         4.00         3.00         4.00         4.00
         3.00         6.00         5.00         4.00
         2.00         7.00         8.00         9.00
         9.00         3.00         3.00         2.00

***************************************************************************************************
                                   Resultant Product of Matrices
***************************************************************************************************

Dimensions of resultant matrix...:  4  4

Result of Matrix multiplication by developed library function:
    292197.40    418051.20    446683.80    414963.00
    368040.60    527491.80    563566.20    523359.00
    483605.80    692879.40    740278.60    687513.00
    321854.10    460690.80    492231.70    457234.50

Result of Matrix multiplication by intrinsic function (matmul):
    292197.40    418051.20    446683.80    414963.00
    368040.60    527491.80    563566.20    523359.00
    483605.80    692879.40    740278.60    687513.00
    321854.10    460690.80    492231.70    457234.50
